    2    4    4
 69.723 14.001
    1    1  1.0000  0.0000  0.0000
-12.843928790466  -0.002010623445  -0.000130069994
  0.411691474606   0.000557542241  -0.000185903127
  1.001882995231   0.000449769697   0.000007797335
 11.430354320628   0.001003311507   0.000308175786
    1    2  0.0000  0.0000  1.0000
 -0.000000000000  -0.000000000000 -19.546213357195
 -0.000000000000   0.000000000000   8.132268524959
 -0.000000000000  -0.000000000000   6.729594552843
  0.000000000000   0.000000000000   4.684350279394
    3    1  1.0000  0.0000  0.0000
  0.973589629701   0.018336653325  -0.000673568379
 11.341537831645   0.019066496664  -0.000899680685
-12.923588295411  -0.055831882794   0.002230557507
  0.608460834065   0.018428732805  -0.000657308442
    3    2  0.0000  0.0000  1.0000
  0.000000000000   0.000000000000   6.688615114084
 -0.000000000000  -0.000000000000   4.641362924478
  0.000000000000  -0.000000000000 -17.176470911571
 -0.000000000000   0.000000000000   5.846492873009
